# r_A sites spanning_up spanning_exact
   9.800    188662   1   2
   9.820    185145   1   2
   9.840    181667   1   2
   9.860    178127   2   2
   9.880    174714   0   2
   9.900    171338   0   2
   9.920    168111   2   2
   9.940    164835   2   2
   9.960    161605   2   2
   9.980    158436   2   2
  10.000    155252   2   2
  10.020    152156   2   2
  10.040    149115   2   2
  10.060    146095   1   1
  10.080    143089   1   1
  10.100    140144   1   1
  10.120    137173   1   1
  10.140    134376   1   1
  10.160    131571   0   1
  10.180    128816   1   1
  10.200    126087   1   1
  10.220    123349   1   1
  10.240    120607   0   1
  10.260    118005   0   1
  10.280    115308   0   1
  10.300    112710   1   1
  10.320    110163   1   1
  10.340    107715   1   1
  10.360    105245   0   1
  10.380    102862   0   1
  10.400    100438   0   1
  10.420     98031   1   1
  10.440     95633   1   1
  10.460     93292   1   1
  10.480     91088   0   1
  10.500     88832   0   0
  10.520     86618   0   0
  10.540     84455   0   0
  10.560     82321   0   0
  10.580     80246   0   0
  10.600     78219   0   0
  10.620     76129   0   0
  10.640     74083   0   0
  10.660     72077   0   0
  10.680     70164   0   0
  10.700     68182   0   0
  10.720     66279   0   0
  10.740     64507   0   0
  10.760     62624   0   0
  10.780     60863   0   0
  10.800     59034   0   0
  10.820     57271   0   0
  10.840     55542   0   0
  10.860     53879   0   0
  10.880     52159   0   0
  10.900     50508   0   0
  10.920     48907   0   0
  10.940     47364   0   0
  10.960     45766   0   0
  10.980     44236   0   0
