# r_A sites spanning_up spanning_exact
   9.800    465650   3   3
   9.820    457789   3   3
   9.840    449998   3   3
   9.860    442229   3   3
   9.880    434629   3   3
   9.900    427125   3   3
   9.920    419768   3   3
   9.940    412449   3   3
   9.960    405291   3   3
   9.980    398185   3   3
  10.000    390915   3   3
  10.020    383997   3   3
  10.040    377222   3   3
  10.060    370383   3   3
  10.080    363662   3   3
  10.100    357085   3   3
  10.120    350650   3   3
  10.140    344258   3   3
  10.160    337969   3   3
  10.180    331838   3   3
  10.200    325823   3   3
  10.220    319739   3   3
  10.240    313879   1   3
  10.260    308054   1   3
  10.280    302290   1   3
  10.300    296620   1   3
  10.320    290995   1   3
  10.340    285509   1   3
  10.360    280230   1   3
  10.380    274921   1   3
  10.400    269705   1   3
  10.420    264479   1   3
  10.440    259443   1   3
  10.460    254455   0   3
  10.480    249521   0   3
  10.500    244706   0   3
  10.520    239960   0   3
  10.540    235225   0   3
  10.560    230513   0   3
  10.580    225987   0   3
  10.600    221484   0   2
  10.620    217250   0   2
  10.640    212943   0   1
  10.660    208573   0   1
  10.680    204385   0   1
  10.700    200150   0   0
  10.720    196026   0   0
  10.740    192039   0   0
  10.760    188074   0   0
  10.780    184332   0   0
  10.800    180430   0   0
  10.820    176618   0   0
  10.840    172915   0   0
  10.860    169356   0   0
  10.880    165722   0   0
  10.900    162211   0   0
  10.920    158835   0   0
  10.940    155470   0   0
  10.960    152053   0   0
  10.980    148727   0   0
