# L p lattices_mislabelled mean_excess_clusters_frac sites_in_split_clusters_frac p_span_up p_span_exact
  16  0.150   0.66000   0.00335   0.02004   0.00000   0.00000
  16  0.160   0.78000   0.00437   0.03043   0.00000   0.00000
  16  0.170   0.80000   0.00633   0.03681   0.00000   0.00000
  16  0.180   0.98000   0.00808   0.04965   0.00000   0.00000
  16  0.190   0.96000   0.01084   0.06730   0.00000   0.00000
  16  0.200   0.98000   0.01232   0.07868   0.00000   0.00000
  16  0.210   0.98000   0.01684   0.10634   0.00000   0.02000
  16  0.220   1.00000   0.02262   0.15018   0.00000   0.04000
  16  0.230   1.00000   0.02396   0.15236   0.00000   0.00000
  16  0.240   1.00000   0.03184   0.19808   0.02000   0.06000
  16  0.250   1.00000   0.04550   0.27129   0.02000   0.08000
  16  0.260   1.00000   0.05492   0.31794   0.04000   0.20000
  16  0.270   1.00000   0.06814   0.38460   0.16000   0.30000
  16  0.280   1.00000   0.08413   0.44382   0.32000   0.68000
  16  0.290   1.00000   0.09740   0.47426   0.26000   0.72000
  16  0.300   1.00000   0.11711   0.55066   0.42000   0.90000
  16  0.310   1.00000   0.14368   0.60207   0.54000   0.94000
  16  0.320   1.00000   0.16953   0.65666   0.70000   1.00000
  16  0.330   1.00000   0.20350   0.71154   0.82000   1.00000
  16  0.340   1.00000   0.22256   0.75273   0.96000   1.00000
  16  0.350   1.00000   0.23223   0.78463   1.00000   1.00000
  16  0.360   1.00000   0.25641   0.82566   1.00000   1.00000
  16  0.370   1.00000   0.25243   0.85056   1.00000   1.00000
  16  0.380   1.00000   0.28847   0.86697   1.00000   1.00000
  16  0.390   1.00000   0.28893   0.88931   1.00000   1.00000
  16  0.400   1.00000   0.28812   0.90462   1.00000   1.00000
  16  0.410   1.00000   0.32203   0.92050   1.00000   1.00000
  16  0.420   1.00000   0.30494   0.93082   1.00000   1.00000
  16  0.430   1.00000   0.30502   0.93783   1.00000   1.00000
  16  0.440   1.00000   0.31858   0.94738   1.00000   1.00000
  16  0.450   1.00000   0.29820   0.95651   1.00000   1.00000
  16  0.460   1.00000   0.30191   0.96105   1.00000   1.00000
  16  0.470   1.00000   0.31016   0.96832   1.00000   1.00000
  16  0.480   1.00000   0.28095   0.97174   1.00000   1.00000
  16  0.490   1.00000   0.28599   0.97526   1.00000   1.00000
  16  0.500   1.00000   0.26042   0.97813   1.00000   1.00000
  16  0.510   1.00000   0.27205   0.98227   1.00000   1.00000
  16  0.520   1.00000   0.25313   0.98379   1.00000   1.00000
  16  0.530   1.00000   0.26677   0.98544   1.00000   1.00000
  16  0.540   1.00000   0.26143   0.98866   1.00000   1.00000
  16  0.550   1.00000   0.25870   0.98969   1.00000   1.00000
  16  0.560   1.00000   0.24026   0.99158   1.00000   1.00000
  16  0.570   0.96000   0.22815   0.95300   1.00000   1.00000
  16  0.580   0.96000   0.20150   0.95396   1.00000   1.00000
  16  0.590   0.90000   0.19216   0.89523   1.00000   1.00000
  16  0.600   0.96000   0.21681   0.95558   1.00000   1.00000
  16  0.610   0.80000   0.19211   0.79718   1.00000   1.00000
  16  0.620   0.80000   0.15952   0.79740   1.00000   1.00000
  16  0.630   0.68000   0.17358   0.67833   1.00000   1.00000
  16  0.640   0.64000   0.15910   0.63837   1.00000   1.00000
  16  0.650   0.44000   0.11360   0.43916   1.00000   1.00000
  16  0.660   0.48000   0.15010   0.47927   1.00000   1.00000
  16  0.670   0.50000   0.15373   0.49925   1.00000   1.00000
  16  0.680   0.34000   0.11669   0.33956   1.00000   1.00000
  16  0.690   0.32000   0.11240   0.31964   1.00000   1.00000
  16  0.700   0.40000   0.20000   0.39975   1.00000   1.00000
