# L p lattices_mislabelled mean_excess_clusters_frac sites_in_split_clusters_frac p_span_up p_span_exact
  64  0.150   1.00000   0.00253   0.01566   0.00000   0.00000
  64  0.160   1.00000   0.00353   0.02241   0.00000   0.00000
  64  0.170   1.00000   0.00467   0.02998   0.00000   0.00000
  64  0.180   1.00000   0.00627   0.04082   0.00000   0.00000
  64  0.190   1.00000   0.00812   0.05496   0.00000   0.00000
  64  0.200   1.00000   0.01047   0.07173   0.00000   0.00000
  64  0.210   1.00000   0.01353   0.09399   0.00000   0.00000
  64  0.220   1.00000   0.01731   0.12087   0.00000   0.00000
  64  0.230   1.00000   0.02178   0.15220   0.00000   0.00000
  64  0.240   1.00000   0.02798   0.19598   0.00000   0.00000
  64  0.250   1.00000   0.03530   0.24207   0.00000   0.00000
  64  0.260   1.00000   0.04421   0.29498   0.00000   0.00000
  64  0.270   1.00000   0.05460   0.35066   0.00000   0.00000
  64  0.280   1.00000   0.06845   0.41379   0.00000   0.00000
  64  0.290   1.00000   0.08409   0.47654   0.00000   0.02000
  64  0.300   1.00000   0.10462   0.54258   0.00000   0.18000
  64  0.310   1.00000   0.12563   0.59957   0.00000   0.98000
  64  0.320   1.00000   0.14923   0.65358   0.06000   1.00000
  64  0.330   1.00000   0.17404   0.70714   0.30000   1.00000
  64  0.340   1.00000   0.19291   0.74812   0.96000   1.00000
  64  0.350   1.00000   0.20952   0.78709   1.00000   1.00000
  64  0.360   1.00000   0.22490   0.81789   1.00000   1.00000
  64  0.370   1.00000   0.23649   0.84524   1.00000   1.00000
  64  0.380   1.00000   0.24397   0.86873   1.00000   1.00000
  64  0.390   1.00000   0.25055   0.88812   1.00000   1.00000
  64  0.400   1.00000   0.25481   0.90414   1.00000   1.00000
  64  0.410   1.00000   0.25667   0.91842   1.00000   1.00000
  64  0.420   1.00000   0.25670   0.93029   1.00000   1.00000
  64  0.430   1.00000   0.25192   0.93983   1.00000   1.00000
  64  0.440   1.00000   0.24763   0.94852   1.00000   1.00000
  64  0.450   1.00000   0.24511   0.95581   1.00000   1.00000
  64  0.460   1.00000   0.23440   0.96210   1.00000   1.00000
  64  0.470   1.00000   0.22688   0.96684   1.00000   1.00000
  64  0.480   1.00000   0.21828   0.97169   1.00000   1.00000
  64  0.490   1.00000   0.20967   0.97532   1.00000   1.00000
  64  0.500   1.00000   0.20184   0.97876   1.00000   1.00000
  64  0.510   1.00000   0.19194   0.98167   1.00000   1.00000
  64  0.520   1.00000   0.18274   0.98415   1.00000   1.00000
  64  0.530   1.00000   0.17279   0.98628   1.00000   1.00000
  64  0.540   1.00000   0.16356   0.98833   1.00000   1.00000
  64  0.550   1.00000   0.15504   0.98989   1.00000   1.00000
  64  0.560   1.00000   0.14562   0.99125   1.00000   1.00000
  64  0.570   1.00000   0.13621   0.99261   1.00000   1.00000
  64  0.580   1.00000   0.12870   0.99362   1.00000   1.00000
  64  0.590   1.00000   0.12185   0.99460   1.00000   1.00000
  64  0.600   1.00000   0.11233   0.99538   1.00000   1.00000
  64  0.610   1.00000   0.10508   0.99604   1.00000   1.00000
  64  0.620   1.00000   0.10012   0.99670   1.00000   1.00000
  64  0.630   1.00000   0.08804   0.99717   1.00000   1.00000
  64  0.640   1.00000   0.08372   0.99765   1.00000   1.00000
  64  0.650   1.00000   0.07544   0.99802   1.00000   1.00000
  64  0.660   1.00000   0.07232   0.99836   1.00000   1.00000
  64  0.670   1.00000   0.06478   0.99861   1.00000   1.00000
  64  0.680   1.00000   0.05861   0.99886   1.00000   1.00000
  64  0.690   1.00000   0.05172   0.99909   1.00000   1.00000
  64  0.700   1.00000   0.04797   0.99923   1.00000   1.00000
