# L p lattices_mislabelled mean_excess_clusters_frac sites_in_split_clusters_frac p_span_up p_span_exact
  32  0.150   1.00000   0.00276   0.01681   0.00000   0.00000
  32  0.160   1.00000   0.00382   0.02390   0.00000   0.00000
  32  0.170   1.00000   0.00526   0.03318   0.00000   0.00000
  32  0.180   1.00000   0.00667   0.04372   0.00000   0.00000
  32  0.190   1.00000   0.00891   0.05847   0.00000   0.00000
  32  0.200   1.00000   0.01126   0.07640   0.00000   0.00000
  32  0.210   1.00000   0.01419   0.09672   0.00000   0.00000
  32  0.220   1.00000   0.01843   0.12479   0.00000   0.00000
  32  0.230   1.00000   0.02362   0.16184   0.00000   0.00000
  32  0.240   1.00000   0.03039   0.20631   0.00000   0.00000
  32  0.250   1.00000   0.03785   0.25129   0.00000   0.00000
  32  0.260   1.00000   0.04694   0.29757   0.00000   0.00000
  32  0.270   1.00000   0.05741   0.35339   0.00000   0.04000
  32  0.280   1.00000   0.07185   0.41779   0.00000   0.08000
  32  0.290   1.00000   0.08843   0.47904   0.02000   0.34000
  32  0.300   1.00000   0.11021   0.54391   0.02000   0.74000
  32  0.310   1.00000   0.13332   0.60434   0.06000   1.00000
  32  0.320   1.00000   0.15583   0.65445   0.30000   1.00000
  32  0.330   1.00000   0.17922   0.70210   0.70000   1.00000
  32  0.340   1.00000   0.20129   0.74738   0.94000   1.00000
  32  0.350   1.00000   0.22170   0.78826   1.00000   1.00000
  32  0.360   1.00000   0.23400   0.81694   1.00000   1.00000
  32  0.370   1.00000   0.25143   0.84838   1.00000   1.00000
  32  0.380   1.00000   0.25507   0.86757   1.00000   1.00000
  32  0.390   1.00000   0.26256   0.88882   1.00000   1.00000
  32  0.400   1.00000   0.26753   0.90618   1.00000   1.00000
  32  0.410   1.00000   0.26881   0.91785   1.00000   1.00000
  32  0.420   1.00000   0.27141   0.92993   1.00000   1.00000
  32  0.430   1.00000   0.27366   0.94036   1.00000   1.00000
  32  0.440   1.00000   0.26651   0.94881   1.00000   1.00000
  32  0.450   1.00000   0.26565   0.95616   1.00000   1.00000
  32  0.460   1.00000   0.26032   0.96185   1.00000   1.00000
  32  0.470   1.00000   0.25214   0.96690   1.00000   1.00000
  32  0.480   1.00000   0.24951   0.97187   1.00000   1.00000
  32  0.490   1.00000   0.23627   0.97535   1.00000   1.00000
  32  0.500   1.00000   0.22796   0.97872   1.00000   1.00000
  32  0.510   1.00000   0.21901   0.98153   1.00000   1.00000
  32  0.520   1.00000   0.21242   0.98425   1.00000   1.00000
  32  0.530   1.00000   0.21276   0.98651   1.00000   1.00000
  32  0.540   1.00000   0.19556   0.98816   1.00000   1.00000
  32  0.550   1.00000   0.17976   0.98993   1.00000   1.00000
  32  0.560   1.00000   0.17160   0.99115   1.00000   1.00000
  32  0.570   1.00000   0.15982   0.99241   1.00000   1.00000
  32  0.580   1.00000   0.16532   0.99381   1.00000   1.00000
  32  0.590   1.00000   0.14781   0.99465   1.00000   1.00000
  32  0.600   1.00000   0.13757   0.99541   1.00000   1.00000
  32  0.610   1.00000   0.13037   0.99607   1.00000   1.00000
  32  0.620   1.00000   0.12797   0.99675   1.00000   1.00000
  32  0.630   1.00000   0.11465   0.99721   1.00000   1.00000
  32  0.640   1.00000   0.09728   0.99760   1.00000   1.00000
  32  0.650   0.98000   0.08656   0.97797   1.00000   1.00000
  32  0.660   0.98000   0.10273   0.97839   1.00000   1.00000
  32  0.670   0.98000   0.10632   0.97861   1.00000   1.00000
  32  0.680   0.84000   0.08745   0.83904   1.00000   1.00000
  32  0.690   0.84000   0.08292   0.83921   1.00000   1.00000
  32  0.700   0.80000   0.08891   0.79938   1.00000   1.00000
